true
1
00000000000000000000000000000000000000000000000000000000000000000000000000000000000000000000000000000000000000000000000000000000
01111111112344334211111111111111111111111111111123421341111123321412311111113211111111111111111111111111111111111234111111111110
01111111111111111111111121111111111111111111111111111111234111123412331241412111111111111111111111111111111111111111111111111110
01111111111111111111111111111111111111111111111111111111111111111111111123411111111111111111111111111111111111111111111111111110
01111111111111111111111111111111111111111111111111111111123442342212341111142342342411111111111111111111111111111111111111111110
01111111111111111111111111111111111111111111111111111111123456623456623423111111111111111111111111111113242134123421111111111110
01111111111111111111111111111111111111111111111111111111111111111111111111111111111111111111111123412341111111111113423111111110
01111111111111111111111111111111111113411111111111111111111111111111111111111111111112342341234111111111111111111111111111111110
01111111111111111111111111111111111111111111111111111111111111111111111111111111111111111111111111111111111111111234111111111110
01111111111111111111111111111111111111111111111111111111111111111111111111111111111111111111111111111111111111111114111111111110
01111111111111111111111111111111111111111111111111111111111111111111111111111111111111111111111111111111111111111113111111111110
01111111111111111111111111111111111111111111111111111111111111111111111111111111111111111111111111111111111111111111211111111110
01111111111111111111111111111111111111111111111111111111111111111111111111111111111111111111111411111111111111111111111111111110
01111111111111111111111111111111111111111111111111111111111111111111111111111111111111111111111123423421111111111111111111111110
01111111111111111111111111111111111111111111111111111111111111111111111111111111111111111111111111111111211111111111111111111110
01111111111111111111111111111111111111111111111111111111111111111111111111111111111111111111111111111111141111111111111111111110
01111111111111111111111111111111111111111111111111111111111111111111111111111111111111111111111111111234123111111111111111111110
01111111111111111111111111111111111111111111111111111111111111111111111111111111111111111111111111111111111411111111111111111110
01111111111111111111111111111111111111111111111111111111111111111111111111111111111111111111111111111111111123111111111111111110
01111111111111111111111111111111111111111111111111111111111111111111111111111111111111111111111111111111111111211111111111111110
01111111111111111111111111111111111111111111111111111111111111111111111111111111111111111111111111111111111111141111111111111110
01111111111111111111111111111111111111111111111111111111111111111111111111111111111111111111111111111111111111112411111111111110
01111111111111111111111111111111111111111111111111111111111111234234111111111111111111111111111111111111111111111111111111111110
01111111111111111111111111111111111111111111111111111111111111111111311111111111111111111111111111111111111111111111111111111110
01111111111111111111111111111111111111111111111111111111111111111111144111111111111111111111111111111111111111111111111111111110
01111111111111111111111111111111111111111111111111111111113412345555234411111111111111111111111111111111111111111111111111111110
01111111111111111111111111111111111111111111111111111111111111111111111111111111111111111111111111111111111111111111111111111110
01111111111111111111111111111111111111111111111111111111111111111111123111111111111111111111111111111111111111111111111111111110
01111111111111111111111111111111111111111111111111111111111111111111111411111111111111111111111111111111111111111111111111111110
01111111111111111111111111111111111111111111111111111111111111111111111123111111111111111111111111111111111111111111111111111110
01111111111111111111111111111111111111111111111111111111111111111111111111411111111111111111111111111111111111111111111111111110
01111111111111111111111111111111111111111111111111111111111111111111111111111111111111111111111111111111111111111111111111111110
01111111111111111111111111111111111111111111111111111111111111111111111111111231111111111111111111111111111111111111111111111110
01111111111111111111111111111111111111111111111111111111111111111111111111111114311111111111111111111111111111111111111111111110
01111111111111111111111111111111111111111111111111111111111111111111111111111111123111111111111111111111111111111111111111111110
01111111111111111111111111111111111111111111111111111111111111111111111111111111111441111111111111111111111111111111111111111110
01111111111111111111111111111111111111111111111111111111111111111111111111111111214111111111111111111111111111111111111111111110
01111111111111111111111111111111111111111111111111111111111111111111111111111111131423111111111111111111111111111111111111111110
01111111111111111111111111111111111111111111111111111111111111111111111111111111111111413111111111111111111111111111111111111110
01111111111111111111111111111111111111111111111111111111111111111111111111111111111111141322111111111111111111111111111111111110
01111111111111111111111111111111111111111111111111111111111111111111111111111111111111111111311111111111111111111111111111111110
01111111111111111111111111111111111111111111111111111111111111111111111111111111111111111111143231111111111111111111111111111110
01111111111111111111111111111111111111111111111111111111111111111111111111111111111111111111111114331111111111111111111111111110
01111111111111111111111111111111111111111111111111111111111111111111111111111111111111111111111123411111111111111111111111111110
01111111111111111111111111111111111111111111111111111111111111111111111111111111111111111111111111132311111111111111111111111110
01111111111111111111111111111111111111111111111111111111111111111111111111111111111111111111111111111111111111134234431111111110
01111111111111111111111111111111111111111111111111111111111111111111111111111111111111111111111111111111111341311111114523111110
01111111111111111111111111111111111111111111111111111111111111111111111111111111111111111111111111111111111114111111111111311110
01111111111111111111111111111111111111111111111111111111111111111111111111111111111111111111111111111142344111111111111114111110
01111111111111111111111111111111111111111111111111111111111111111111111111111111111111111111111111141111111111111111111111111110
01111111111111111111111111111111111111111111111111111111111111111111111111111111111111111111111111113111111111111111111111111110
01111111111111111111111111111111111111111111111111111111111111111111111111111111111111111111111111111321111111111111111111111110
01111111111111111111111111111111111111111111111111111111111111111111111111111111111111111111111111111113111111111111111111111110
01111111111111111111111111111111111111111111111111111111111111111111111111111111111111111111111111111111231111111111111111111110
01111111111111111111111111111111111111111111111111111111111111111111111111111111111111111111111111111111112111111111111111111110
01111111111111111111111111111111111111111111111111111111111111111111111111111111111111111111111111111111111452311111111111111110
01111111111111111111111111111111111111111111111111111111111111111111111111111111111111111111111111111111111111111111111111111110
01111111111111111111111111111111111111111111111111111111111111111111111111111111111111111111111111111111111111141111111111111110
01111111111111111111111111111111111111111111111111111111111111111111111111111111111111111111111111111111111111113111111111111110
01111111111111111111111111111111111111111111111111111111111111111111111111111111111111111111111111111111111111113111111111111110
01111111111111111111111111111111111111111111111111111111111111111111111111111111111111111111111111111112334423441311111111111110
01111111111111111111111111111111111111111111111111111111111111111111111111111111111111111111111111111111111111113111111111111110
01111111111111111111111111111111111111111111111111111111111111111111111111111111111111111111111111111111111111111211111111111110
01111111111111111111111111111111111111111111111111111111111111111111111111111111111111111111111111111111111111111141111111111110
01111111111111111111111111111111111111111111111111111111111111111111111111111111111111111111111111111111111111111111111111111110
01111111111111111111111111111111111111111111111111111111111111111111111111111111111111111111111111111111111111111113211111111110
01111111111111111111111111111111111111111111111111111111111111111111111111111111111111111111111111111111111111211111114111111110
01111111111111111111111111111111111111111111111111111111111111111111111111111111111111111111111111111111111111124342311111111110
01111111111111111111111111111111111111111111111111111111111111111111111111111111111111111111111111111111111111111111134111111110
01111111111111111111111111111111111111111111111111111111111111111111111111111111111111111111112342314234333241321111111111111110
01111111111111111111111111111111111111111111111111111111111111111111111111111111111111111111111111111111111111114231423141111110
01111111111111111111111111111111111111111111111111111111111111111111111111111111111111111111111111111111111111111111111111421110
01111111111111111111111111111111111111111111111111111111111111111111111111111111111111111111111111111111111114132111111111111110
01111111111111111111111111111111111111111111111111111111111111111111111111111111111111111111111111111111111111111111111111111110
01111111111111111111111111111111111111111111111111111111111111111111111111111111111111111111111111111111111111111142311111111110
01111111111111111111111111111111111111111111111111111111111111111111111111111111111111111111111111111111111111111111111111111110
01111111111111111111111111111111111111111111111111111111111111111111111111111111111111111111111111111111111111111142234121111110
01111111111111111111111111111111111111111111111111111111111111111111111111111111111111111111111111111111111111111111111111111110
01111111111111111111111111111111111111111111111111111111111111111111111111111111111111111111111111111111111111111111111111111110
01111111111111111111111111111111111111111111111111111111111111111111111111111111111111111111111111111111111111111111111111111110
01111111111111111111111111111111111111111111111111111111111111111111111111111111111111111111111111111111111111111111111111111110
01111111111111111111111111111111111111111111111111111111111111111111111111111111111111111111111111111111111111111111111111111110
01111111111111111111111111111111111111111111111111111111111111111111111111111111111111111111111111111111111111111111111111111110
01111111111111111111111111111111111111111111111111111111111111111111111111111111111111111111111111111111111111111111111111111110
01111111111111111111111111111111111111111111111111111111111111111111111111111111111111111111111111111111111111111111111111111110
01111111111111111111111111111111111111111111111111111111111111111111111111111111111111111111111111111111111111111111111111111110
01111111111111111111111111111111111111111111111111111111111111111111111111111111111111111111111111111111111142314211111111111110
01111111111111111111111111111111111111111111111111111111111111111111111111111111111111111111111111111111111111111111111111111110
01111111111111111111111111111111111111111111111111111111111111111111111111111111111111111111111111111111111111111113111111111110
01111111111111111111111111111111111111111111111111111111111111111111111111111111111111111111111111111111111111111111411111111110
01111111111111111111111111111111111111111111111111111111111111111111111111111111111111111111111111111111111111111111133111111110
01111111111111111111111111111111111111111111111111111111111111111111111111111111111111111111111111111111111111111111111211111110
01111111111111111111111111111111111111111111111111111111111111111111111111111111111111111111111111111111111111111111111142111110
01111111111111111111111111111111111111111111111111111111111111111111111111111111111111111111111111111111111111111111111114111110
01111111111111111111111111111111111111111111111111111111111111111111111111111111111111111111111111111111111111111111111111211110
01111111111111111111111111111111111111111111111111111111111111111111111111111111111111111111111111111111111111111111111111111110
01111111111111111111111111111111111111111213412111111111111111111111111111111111111111111111111111111111111111111111111111111110
01111111111111111111111111111111111111111111111111111111111111111111111111111111111111111111111111111111111111111111111111111110
01111111111111111111111111111111111111111111111111111111111111111111111111111111111111111111111111111111111111111111111111111110
01111111111111111111111111111111111111111111111111111111111111111111111111111111111111111111111111111111111111111111111111111110
01111111111111111111111111111111111111111111111111111111111111111111111111111111111111111111111111111111111111111111111111111110
01111111111111111111111111111111111111111111111111111111111111111111111111111111111111111111111111111111111111111111111111111110
01111111111111111111111111111111111111111111111111111111111111111111111111111111111111111111111111111111111111111111111111111110
01111111111111111111111111111111111111111111111111111111111111111111111111111111111111111111111111111111111111111111111111111110
01111111111111111111111111111111111111111111111111111111111111111111111111111111111111111111111111111111111111111111111111111110
01111111111111111111111111111111111111111111111111111111111111111111111111111111111111111111111111111111111111111111111111111110
01111111111111111111111111111111111111111111111111111111111111111111111111111111111111111111111111111111111111111111111111111110
01111111111111111111111111111111111111111111111111111111111111111111111111111111111111111111111111111111111111111111111111111110
01111111111111111111111111111111111111111111111111111111111111111111111111111111111111111111111111111111111111111111111111111110
01111111111111111111111111111111111111111111111111111111111111111111111111111111111111111111111111111111111111111111111111111110
01111111111111111111111111111111111111111111111111111111111111111111111111111111111111111111111111111111111111111111111111111110
01111111111111111111111111111111111111111111111111111111111111111111111111111111111111111111111111111111111111111111111111111110
01111111111111111111111111111111111111111111111111111111111111111111111111111111111111111111111111111111111111111111111111111110
01111111111111111111111111111111111111111111111111111111111111111111111111111111111111111111111111111111111111111111111111111110
01111111111111111111111111111111111111111111111111111111111111111111111111111111111111111111111111111111111111111111111111111110
01111111111111111111111111111111111111111111111111111111111111111111111111111111111111111111111111111111111111111111111111111110
01111111111111111111111111111111111111111111111111111111111111111111111111111111111111111111111111111111111111111111111111111110
01111111111111111111111111111111111111111111111111111111111111111111111111111111111111111111111111111111111111111111111111111110
01111111111111111111111111111111111111111111111111111111111111111111111111111111111111111111111111111111111111111111111111111110
01111111111111111111111111111111111111111111111111111111111111111111111111111111111111111111111111111111111111111111111111111110
01111111111111111111111111111111111111111111111111111111111111111111111111111111111111111111111111111111111111111111111111111110
01111111111111111111111111111111111111111111111111111111111111111111111111111111111111111111111111111111111111111111111111111110
01111111111111111111111111111111111111111111111111111111111111111111111111111111111111111111111111111111111111111111111111111110
01111111111111111111111111111111111111111111111111111111111111111111111111111111111111111111111111111111111111111111111111111110
01111111111111111111111111111111111111111111111111111111111111111111111111111111111111111111111111111111111111111111111111111110
01111111111111111111111111111111111111111111111111111111111111111111111111111111111111111111111111111111111111111111111111111110
01111111111111111111111111111111111111111111111111111111111111111111111111111111111111111111111111111111111111111111111111111110
0111111111111111111111111111111111111111111111111111111111111111111111111111111111111111111111111111111111111111111111111111111001111111111111111111111111111111111111111111111111111111111111111111111111111111111111111111111111111111111111111111111111111110
01111111111111111111111111111111111111111111111111111111111111111111111111111111111111111111111111111111111111111111111111111110
01111111111111111111111111111111111111111111111111111111111111111111111111111111111111111111111111111111111111111111111111111110
01111111111111111111111111111111111111111111111111111111111111111111111111111111111111111111111111111111111111111111111111111110
01111111111111111111111111111111111111111111111111111111111111111111111111111111111111111111111111111111111111111111111111111110
01111111111111111111111111111111111111111111111111111111111111111111111111111111111111111111111111111111111111111111111111111110
01111111111111111111111111111111111111111111111111111111111111111111111111111111111111111111111111111111111111111111111111111110
01111111111111111111111111111111111111111111111111111111111111111111111111111111111111111111111111111111111111111111111111111110
01111111111111111111111111111111111111111111111111111111111111111111111111111111111111111111111111111111111111111111111111111110
01111111111111111111111111111111111111111111111111111111111111111111111111111111111111111111111111111111111111111111111111111110
01111111111111111111111111111111111111111111111111111111111111111111111111111111111111111111111111111111111111111111111111111110
01111111111111111111111111111111111111111111111111111111111111111111111111111111111111111111111111111111111111111111111111111110
01111111111111111111111111111111111111111111111111111111111111111111111111111111111111111111111111111111111111111111111111111110
01111111111111111111111111111111111111111111111111111111111111111111111111111111111111111111111111111111111111111111111111111110
01111111111111111111111111111111111111111111111111111111111111111111111111111111111111111111111111111111111111111111111111111110
01111111111111111111111111111111111111111111111111111111111111111111111111111111111111111111111111111111111111111111111111111110
01111111111111111111111111111111111111111111111111111111111111111111111111111111111111111111111111111111111111111111111111111110
01111111111111111111111111111111111111111111111111111111111111111111111111111111111111111111111111111111111111111111111111111110
01111111111111111111111111111111111111111111111111111111111111111111111111111111111111111111111111111111111111111111111111111110
01111111111111111111111111111111111111111111111111111111111111111111111111111111111111111111111111111111111111111111111111111110
01111111111111111111111111111111111111111111111111111111111111111111111111111111111111111111111111111111111111111111111111111110
01111111111111111111111111111111111111111111111111111111111111111111111111111111111111111111111111111111111111111111111111111110
01111111111111111111111111111111111111111111111111111111111111111111111111111111111111111111111111111111111111111111111111111110
01111111111111111111111111111111111111111111111111111111111111111111111111111111111111111111111111111111111111111111111111111110
01111111111111111111111111111111111111111111111111111111111111111111111111111111111111111111111111111111111111111111111111111110
01111111111111111111111111111111111111111111111111111111111111111111111111111111111111111111111111111111111111111111111111111110
01111111111111111111111111111111111111111111111111111111111111111111111111111111111111111111111111111111111111111111111111111110
01111111111111111111111111111111111111111111111111111111111111111111111111111111111111111111111111111111111111111111111111111110
01111111111111111111111111111111111111111111111111111111111111111111111111111111111111111111111111111111111111111111111111111110
01111111111111111111111111111111111111111111111111111111111111111111111111111111111111111111111111111111111111111111111111111110
01111111111111111111111111111111111111111111111111111111111111111111111111111111111111111111111111111111111111111111111111111110
01111111111111111111111111111111111111111111111111111111111111111111111111111111121431211111111111111111111111111111111111111110
01111111111111111111111111111111111111111111111111111111111111111111111111111111111111111111111111111111111111111111111111111110
01111211111111111111111111111111111111111111111111111111111111111111111111111111111111111111111111111111111111111111111111111110
01111141111111111111111111111111111111111111111111111111111111111111111111111111111111111111111111111111111111111111111111111110
01111124111111111111111111111111111111111111111111111111111111111111111111111111111111111111111111111111111111111111111111111110
01111111211111111111111111111111111111111111111111111111111111111111111111111111111111111111111111111111111111111111111111111110
01111111133111111111111111111111111111111111111111111111111111111111111111111111111111111111111111111111111111111111111111111110
01111111111411111111111111111111111111111111111111111111111111111111111111111111111111111111111111111111111111111111111111111110
01111111111131111111111111111111111111111111111111111111111111111111111111111111111111111111111111111111111111111111111111111110
01111111111111111111111111111111111111111111111111111111111111111111111111111111111111111111111111111111111111111111111111111110
01111111111111241324111111111111111111111111111111111111111111111111111111111111111111111111111111111111111111111111111111111110
01111111111111111111111111111111111111111111111111111111111111111111111111111111111111111111111111111111111111111111111111111110
01111111111111111111111111111111111111111111111111111111111111111111111111111111111111111111111111111111111111111111111111111110
01111111111111111111111111111111111111111111111111111111111111111111111111111111111111111111111111111111111111111111111111111110
01111111111111111111111111111111111111111111111111111111111111111111111111111111111111111111111111111111111111111111111111111110
01111111111111111111111111111111111111111111111111111111111111111111111111111111111111111111111111111111111111111111111111111110
01111111111111111111111111111111111111111111111111111111111111111111111111111111111111111111111111111111111111111111111111111110
01111111111111111111111111111111111111111111111111111111111111111111111111111111111111111111111111111111111111111111111111111110
01111111111111111111111111111111111111111111111111111111111111111111111111111111111111111111111111111111111111111111111111111110
01111111111111111111111111111111111111111111111111111111111111111111111111111111111111111111111111111111111111111111111111111110
01111112143224111111111111111111111111111111111111111111111111111111111111111111111111111111111111111111111111111111111111111110
01111111111111111111111111111111111111111111111111111111111111111111111111111111111111111111111111111111111111111111111111111110
01111111111324111111111111111111111111111111111111111111111111111111111111111111111111111111111111111111111111111111111111111110
01111111111111111111111111111111111111111111111111111111111111111111111111111111111111111111111111111111111111111111111111111110
01111111111111123141111111111111111111111111111111111111111111111111111111111111111111111111111111111111111111111111111111111110
01112411111111111111111111111111111111111111111111111111111111111111111111111111111111111111111111111111111111111111111111111110
01111114132413241111111111111111111111111111111111111111111111111111111111111111111111111111111111111111111111111111111111111110
01111111111111112314233343241324321111111111111111111111111111111111111111111111111111111111111111111111111111111111111111111110
01111111143111111111111111111111111111111111111111111111111111111111111111111111111111111111111111111111111111111111111111111110
01111111111324342111111111111111111111111111111111111111111111111111111111111111111111111111111111111111111111111111111111111110
01111111141111111211111111111111111111111111111111111111111111111111111111111111111111111111111111111111111111111111111111111110
01111111111231111111111111111111111111111111111111111111111111111111111111111111111111111111111111111111111111111111111111111110
01111111111111111111111111111111111111111111111111111111111111111111111111111111111111111111111111111111111111111111111111111110
01111111111114111111111111111111111111111111111111111111111111111111111111111111111111111111111111111111111111111111111111111110
01111111111111211111111111111111111111111111111111111111111111111111111111111111111111111111111111111111111111111111111111111110
01111111111111131111111111111111111111111111111111111111111111111111111111111111111111111111111111111111111111111111111111111110
01111111111111314432443321111111111111111111111111111111111111111111111111111111111111111111111111111111111111111111111111111110
01111111111111131111111111111111111111111111111111111111111111111111111111111111111111111111111111111111111111111111111111111110
01111111111111131111111111111111111111111111111111111111111111111111111111111111111111111111111111111111111111111111111111111110
01111111111111114111111111111111111111111111111111111111111111111111111111111111111111111111111111111111111111111111111111111110
01111111111111111111111111111111111111111111111111111111111111111111111111111111111111111111111111111111111111111111111111111110
01111111111111111325411111111111111111111111111111111111111111111111111111111111111111111111111111111111111111111111111111111110
01111111111111111111121111111111111111111111111111111111111111111111111111111111111111111111111111111111111111111111111111111110
01111111111111111111113211111111111111111111111111111111111111111111111111111111111111111111111111111111111111111111111111111110
01111111111111111111111131111111111111111111111111111111111111111111111111111111111111111111111111111111111111111111111111111110
01111111111111111111111112311111111111111111111111111111111111111111111111111111111111111111111111111111111111111111111111111110
01111111111111111111111111131111111111111111111111111111111111111111111111111111111111111111111111111111111111111111111111111110
01111111111111111111111111114111111111111111111111111111111111111111111111111111111111111111111111111111111111111111111111111110
01111141111111111111144324111111111111111111111111111111111111111111111111111111111111111111111111111111111111111111111111111110
01111311111111111141111111111111111111111111111111111111111111111111111111111111111111111111111111111111111111111111111111111110
01111132541111111314311111111111111111111111111111111111111111111111111111111111111111111111111111111111111111111111111111111110
01111111113443243111111111111111111111111111111111111111111111111111111111111111111111111111111111111111111111111111111111111110
01111111111111111111111111323111111111111111111111111111111111111111111111111111111111111111111111111111111111111111111111111110
01111111111111111111111111111432111111111111111111111111111111111111111111111111111111111111111111111111111111111111111111111110
01111111111111111111111111113341111111111111111111111111111111111111111111111111111111111111111111111111111111111111111111111110
01111111111111111111111111111113234111111111111111111111111111111111111111111111111111111111111111111111111111111111111111111110
01111111111111111111111111111111111311111111111111111111111111111111111111111111111111111111111111111111111111111111111111111110
01111111111111111111111111111111111122314111111111111111111111111111111111111111111111111111111111111111111111111111111111111110
01111111111111111111111111111111111111131411111111111111111111111111111111111111111111111111111111111111111111111111111111111110
01111111111111111111111111111111111111111132413111111111111111111111111111111111111111111111111111111111111111111111111111111110
01111111111111111111111111111111111111111111141211111111111111111111111111111111111111111111111111111111111111111111111111111110
01111111111111111111111111111111111111111114411111111111111111111111111111111111111111111111111111111111111111111111111111111110
01111111111111111111111111111111111111111111132111111111111111111111111111111111111111111111111111111111111111111111111111111110
01111111111111111111111111111111111111111111111341111111111111111111111111111111111111111111111111111111111111111111111111111110
01111111111111111111111111111111111111111111111113211111111111111111111111111111111111111111111111111111111111111111111111111110
01111111111111111111111111111111111111111111111111111111111111111111111111111111111111111111111111111111111111111111111111111110
01111111111111111111111111111111111111111111111111111411111111111111111111111111111111111111111111111111111111111111111111111110
01111111111111111111111111111111111111111111111111111132111111111111111111111111111111111111111111111111111111111111111111111110
01111111111111111111111111111111111111111111111111111111411111111111111111111111111111111111111111111111111111111111111111111110
01111111111111111111111111111111111111111111111111111111132111111111111111111111111111111111111111111111111111111111111111111110
01111111111111111111111111111111111111111111111111111111111111111111111111111111111111111111111111111111111111111111111111111110
01111111111111111111111111111111111111111111111111111111443255554321431111111111111111111111111111111111111111111111111111111110
01111111111111111111111111111111111111111111111111111111144111111111111111111111111111111111111111111111111111111111111111111110
01111111111111111111111111111111111111111111111111111111111311111111111111111111111111111111111111111111111111111111111111111110
01111111111111111111111111111111111111111111111111111111111143243211111111111111111111111111111111111111111111111111111111111110
01111111111111421111111111111111111111111111111111111111111111111111111111111111111111111111111111111111111111111111111111111110
01111111111111114111111111111111111111111111111111111111111111111111111111111111111111111111111111111111111111111111111111111110
01111111111111111211111111111111111111111111111111111111111111111111111111111111111111111111111111111111111111111111111111111110
01111111111111111132111111111111111111111111111111111111111111111111111111111111111111111111111111111111111111111111111111111110
01111111111111111111411111111111111111111111111111111111111111111111111111111111111111111111111111111111111111111111111111111110
01111111111111111111132143211111111111111111111111111111111111111111111111111111111111111111111111111111111111111111111111111110
01111111111111111111114111111111111111111111111111111111111111111111111111111111111111111111111111111111111111111111111111111110
01111111111111111111111211111111111111111111111111111111111111111111111111111111111111111111111111111111111111111111111111111110
01111111111111111111111112432432111111111111111111111111111111111111111111111111111111111111111111111111111111111111111111111110
01111111111111111111111111111111411111111111111111111111111111111111111111111111111111111111111111111111111111111111111111111110
01111111111211111111111111111111111111111111111111111111111111111111111111111111111111111111111111111111111111111111111111111110
01111111111131111111111111111111111111111111111111111111111111111111111111111111111111111111111111111111111111111111111111111110
01111111111141111111111111111111111111111111111111111111111111111111111111111111111111111111111111111111111111111111111111111110
01111111111143211111111111111111111111111111111111111111111111111111111111111111111111111111111111111111111111111111111111111110
01111111111111111111111111111111143214324321111111111111111111111111111111111111111111111431111111111111111111111111111111111110
01111111132431111111111114321432111111111111111111111111111111111111111111111111111111111111111111111111111111111111111111111110
01111111111112432143124231111111111111111111111111111132432665432665432111111111111111111111111111111111111111111111111111111110
01111111111111111111111111111111111111111111424324324111114321224324432111111111111111111111111111111111111111111111111111111110
01111111111111111111111111111111111111111111111111111432111111111111111111111111111111111111111111111111111111111111111111111110
01111111111111111111111111111111111111111111111111121414213321432111143211111111111111111111111111111112111111111111111111111110
01111111111143211111111111111111111111111111111111231111111321412332111114312432111111111111111111111111111111243344321111111110
00000000000000000000000000000000000000000000000000000000000000000000000000000000000000000000000000000000000000000000000000000000
0
2
true castle 0.0 1.0 1.0 1.0 20 20
false castle 0.0 1.0 1.0 1.0 30 30
